2020-03-01	219.752686	226.677887	214.130432
2020-03-02	218.711624	232.811584	217.284286
2020-03-03	230.523972	232.325806	221.732666
2020-03-04	224.565338	228.040421	222.088882
2020-03-05	224.641891	234.364456	224.641891
2020-03-06	229.168427	243.554977	228.743576
2020-03-07	243.750198	249.978485	237.551285
2020-03-08	237.780685	237.780685	200.602982
2020-03-09	201.318497	207.451401	192.269897
2020-03-10	202.863953	205.714249	198.064499
2020-03-11	200.768036	202.954300	184.362152
2020-03-12	194.738922	195.147934	111.210709
2020-03-13	112.689995	137.429535	95.184303
2020-03-14	133.582474	134.484375	122.414474
2020-03-15	123.246063	132.242142	121.853653
2020-03-16	124.996117	124.996117	105.171440
2020-03-17	110.406784	118.988281	110.406784
2020-03-18	113.857643	116.021622	111.743111
2020-03-19	114.839828	140.527725	114.732864
2020-03-20	136.649277	150.853806	122.605659
2020-03-21	133.101761	135.972412	127.163757
2020-03-22	132.851135	136.151642	122.909332
2020-03-23	123.365982	134.911606	121.867882
2020-03-24	135.194138	141.948532	133.168777
2020-03-25	138.914963	141.403793	134.304230
2020-03-26	136.190674	138.830566	134.886032
2020-03-27	138.369934	139.902695	133.937943
2020-03-28	134.032745	134.032745	126.962189
2020-03-29	131.015335	131.174088	125.450050
2020-03-30	125.577896	133.911469	125.289680
2020-03-31	132.820923	134.274139	131.652893
2020-04-01	133.612320	135.634552	129.730942
2020-04-02	135.732178	146.787094	135.732178
2020-04-03	142.110458	146.899872	139.619385
2020-04-04	142.215179	145.377304	140.121826
2020-04-05	145.261017	146.128525	142.102081
2020-04-06	143.608215	169.272644	143.544601
2020-04-07	169.147446	175.204132	164.203323
2020-04-08	165.240326	173.210266	164.493195
2020-04-09	172.761261	172.897781	167.987122
2020-04-10	170.829269	170.949768	154.914474
2020-04-11	158.538986	161.167572	155.298340
2020-04-12	158.232391	164.516953	156.320511
2020-04-13	160.720673	160.749695	151.614487
2020-04-14	156.355957	160.944275	155.865936
2020-04-15	157.565643	160.711121	152.802841
2020-04-16	153.200424	173.157272	150.359421
2020-04-17	172.279419	174.275909	169.751572
2020-04-18	171.618073	187.940475	171.618073
2020-04-19	186.861984	188.098923	180.120819
2020-04-20	181.480225	186.083542	170.321274
2020-04-21	172.017715	175.178467	170.552841
2020-04-22	172.670395	183.751007	171.826599
2020-04-23	182.620178	189.088867	180.340652
2020-04-24	185.222107	190.210388	185.222107
2020-04-25	189.207397	196.792374	188.459534
2020-04-26	195.413589	199.344971	194.768066
2020-04-27	197.475723	199.552795	193.454163
2020-04-28	197.273514	198.786545	194.849426
2020-04-29	198.465195	218.454636	198.124512
2020-04-30	216.909134	227.529694	206.436920
2020-05-01	207.901733	217.628021	207.780884
2020-05-02	214.230087	215.847534	212.878677
2020-05-03	215.352066	219.270874	208.692368
2020-05-04	210.890854	211.828384	199.047729
2020-05-05	208.013000	211.778625	204.031128
2020-05-06	206.481354	211.534622	204.040878
2020-05-07	203.912857	214.392471	202.074844
2020-05-08	212.198242	216.327682	208.830734
2020-05-09	213.142166	214.739120	209.071518
2020-05-10	211.552200	211.552200	182.711166
2020-05-11	188.632187	191.362335	180.718338
2020-05-12	185.877335	191.601349	185.701797
2020-05-13	189.374100	200.197327	189.127701
2020-05-14	198.891510	204.117599	196.868820
2020-05-15	202.955399	203.566391	193.755676
2020-05-16	195.613388	202.771194	194.501587
2020-05-17	200.608871	209.160934	200.102798
2020-05-18	207.179779	215.908463	207.109070
2020-05-19	214.604935	214.604935	210.143051
2020-05-20	213.446243	214.716827	207.975815
2020-05-21	210.129150	211.625183	193.346436
2020-05-22	199.837112	208.591537	198.040863
2020-05-23	207.194489	210.386459	205.294220
2020-05-24	208.716064	210.595078	202.370346
2020-05-25	201.982651	206.361450	200.667557
2020-05-26	205.259567	205.752548	200.264282
2020-05-27	201.893005	208.863434	201.785065
2020-05-28	208.885437	220.276505	206.242661
2020-05-29	219.925049	224.216873	218.238052
2020-05-30	220.717209	243.943146	218.744461
2020-05-31	242.351379	244.045258	230.052826
2020-06-01	230.860260	248.236282	230.488052
2020-06-02	246.828186	252.222000	233.225296
2020-06-03	237.395218	244.179321	235.464447
2020-06-04	244.105286	245.928970	236.765305
2020-06-05	244.349594	247.329498	240.682053
2020-06-06	241.201355	245.981049	239.724533
2020-06-07	241.908081	245.435257	236.325256
2020-06-08	245.178574	246.644196	241.542191
2020-06-09	246.175018	248.342438	242.338547
2020-06-10	244.822067	248.651154	242.819748
2020-06-11	247.548538	249.888306	229.942978
2020-06-12	231.625458	239.354691	229.645065
2020-06-13	237.544617	239.193100	235.889679
2020-06-14	238.968185	239.101456	232.958191
2020-06-15	234.058304	234.237839	221.241760
2020-06-16	229.762299	236.394302	228.426147
2020-06-17	234.492371	235.954056	229.341644
2020-06-18	232.898697	234.570648	228.951431
2020-06-19	231.954971	232.154114	226.795181
2020-06-20	226.976364	231.449020	226.640625
2020-06-21	229.216141	232.358948	228.492996
2020-06-22	229.003372	243.776016	228.934738
2020-06-23	242.537018	244.864410	239.759735
2020-06-24	244.185928	248.508026	232.807739
2020-06-25	235.702850	236.053406	230.296600
2020-06-26	232.877487	233.901932	229.259460
2020-06-27	229.631485	232.493423	220.564575
2020-06-28	222.914490	228.598282	219.472672
2020-06-29	225.361435	229.903214	222.254990
2020-06-30	227.968430	229.476807	224.815186
2020-07-01	226.134583	232.756119	224.835739
2020-07-02	231.288910	232.396881	225.461960
2020-07-03	229.318954	229.629318	224.913971
2020-07-04	225.288483	230.054138	225.133316
2020-07-05	228.976196	229.856720	224.544495
2020-07-06	227.685013	242.132706	227.029526
2020-07-07	240.972595	242.681854	234.218658
2020-07-08	239.159973	248.308868	238.398376
2020-07-09	246.748291	247.291672	239.898651
2020-07-10	242.868011	242.883789	236.730530
2020-07-11	241.044785	241.527481	238.331238
2020-07-12	239.459641	243.311142	237.770218
2020-07-13	242.181870	244.310516	238.232376
2020-07-14	239.975616	242.003784	237.796188
2020-07-15	240.143646	241.402695	237.096176
2020-07-16	238.450912	239.006256	231.621170
2020-07-17	233.691391	234.415070	232.109970
2020-07-18	232.855682	236.543976	232.324890
2020-07-19	235.458298	239.160690	233.279739
2020-07-20	238.494873	239.576248	234.852646
2020-07-21	236.302505	246.186264	235.680969
2020-07-22	245.037262	262.985046	242.484344
2020-07-23	262.388641	277.583466	261.047089
2020-07-24	274.722687	286.192841	269.239777
2020-07-25	279.026367	306.740997	279.026367
2020-07-26	303.692383	316.386322	300.267822
2020-07-27	309.657928	330.701202	309.657928
2020-07-28	321.829742	325.905975	307.721344
2020-07-29	316.555359	324.380798	313.109589
2020-07-30	318.144989	338.631195	315.751099
2020-07-31	334.633728	348.611359	329.340942
2020-08-01	345.798615	388.847961	343.587433
2020-08-02	385.549866	411.228302	357.143646
2020-08-03	371.133850	396.506989	369.336334
2020-08-04	386.156464	400.700623	382.985107
2020-08-05	389.710815	406.303955	386.218475
2020-08-06	401.583862	403.488678	392.600189
2020-08-07	395.226868	398.249023	367.935516
2020-08-08	379.551575	393.987366	377.349731
2020-08-09	395.305237	399.737091	385.830719
2020-08-10	391.041504	399.375946	391.041504
2020-08-11	395.894714	398.478912	370.860626
2020-08-12	380.063812	391.312317	367.923615
2020-08-13	390.838104	432.904602	379.710876
2020-08-14	428.677277	444.577759	423.345856
2020-08-15	437.562988	441.754608	429.874603
2020-08-16	433.350586	436.265839	415.086243
2020-08-17	433.973755	442.734985	422.647278
2020-08-18	429.669617	432.580292	419.674103
2020-08-19	423.738586	427.024658	396.678345
2020-08-20	406.758911	418.734436	404.026093
2020-08-21	416.148773	418.637970	387.441132
2020-08-22	389.031097	396.466583	382.814636
2020-08-23	395.562836	396.490417	385.039795
2020-08-24	391.678986	409.388580	389.314606
2020-08-25	408.071686	408.527924	374.355377
2020-08-26	383.977448	391.873260	378.705841
2020-08-27	386.609863	395.349182	374.866486
2020-08-28	382.629578	397.757629	381.273834
2020-08-29	395.687592	405.616364	393.037415
2020-08-30	399.616699	428.663971	399.608368
2020-08-31	428.509003	438.560333	419.770172
2020-09-01	434.874451	487.211884	432.079193
2020-09-02	477.007874	480.330994	424.460022
2020-09-03	440.239990	449.532471	381.129700
2020-09-04	384.671631	402.411743	371.636688
2020-09-05	388.038391	394.172272	316.774353
2020-09-06	335.334564	359.764038	319.041901
2020-09-07	353.450256	358.211884	326.254364
2020-09-08	353.202271	355.562866	328.816772
2020-09-09	337.824921	359.164490	332.165009
2020-09-10	351.429321	377.393585	351.111755
2020-09-11	368.118500	376.630402	355.582581
2020-09-12	374.595398	387.538452	367.842194
2020-09-13	387.519287	388.959808	354.340179
2020-09-14	365.699585	384.485199	357.569763
2020-09-15	377.154022	381.508301	363.606812
2020-09-16	364.743988	372.767426	356.682739
2020-09-17	365.865784	393.901611	364.795135
2020-09-18	389.337494	391.904144	376.964996
2020-09-19	384.041656	387.076355	378.724060
2020-09-20	385.597992	385.597992	367.094360
2020-09-21	371.400146	375.737030	336.068970
2020-09-22	341.723816	346.600830	336.855042
2020-09-23	344.589905	344.671387	318.969208
2020-09-24	320.985016	351.461487	318.545105
2020-09-25	349.411438	357.772736	339.015930
2020-09-26	352.350891	355.854767	348.107117
2020-09-27	354.959900	361.984406	349.834076
2020-09-28	357.925934	366.432159	354.547638
2020-09-29	354.363007	360.353363	352.146851
2020-09-30	360.038513	361.178772	353.327942
2020-10-01	360.309143	369.264404	346.477051
2020-10-02	352.949677	354.115417	336.467163
2020-10-03	346.218628	351.307709	344.666565
2020-10-04	346.602234	354.045746	345.131012
2020-10-05	352.736816	355.214081	349.679901
2020-10-06	353.956482	354.989014	338.003296
2020-10-07	340.943085	342.450836	334.545563
2020-10-08	342.044647	352.211487	335.647491
2020-10-09	351.112885	368.310333	348.205841
2020-10-10	365.402466	378.267151	365.354034
2020-10-11	370.928436	377.246796	369.828033
2020-10-12	374.798737	395.122162	366.642334
2020-10-13	387.142944	387.375671	375.582458
2020-10-14	381.971466	387.296173	374.175018
2020-10-15	379.192230	381.208771	371.354126
2020-10-16	377.868500	380.021515	362.597412
2020-10-17	366.015717	369.768127	364.489014
2020-10-18	368.727539	378.597656	368.129150
2020-10-19	378.469635	383.317657	373.702271
2020-10-20	379.719696	380.761017	367.601074
2020-10-21	369.059418	400.627258	368.727966
2020-10-22	391.488617	420.141663	391.276306
2020-10-23	414.051331	418.959930	403.082031
2020-10-24	409.767242	416.599670	407.851715
2020-10-25	412.457642	417.159210	405.350647
2020-10-26	406.217987	411.279877	383.782898
2020-10-27	393.888184	409.772858	390.608459
2020-10-28	403.997101	408.964752	381.146332
2020-10-29	388.651062	393.227692	381.288757
2020-10-30	386.730255	391.464722	375.092407
2020-10-31	382.820038	393.010132	381.295258
2020-11-01	386.590332	397.116119	385.165527
2020-11-02	396.355988	403.240753	381.017639
2020-11-03	383.156036	389.515381	371.312744
2020-11-04	387.603210	407.665649	377.827606
2020-11-05	402.142944	417.525940	397.245819
2020-11-06	414.066711	456.200623	412.982300
2020-11-07	454.722565	465.675476	428.456360
2020-11-08	435.718811	457.780457	433.153778
2020-11-09	453.574158	457.349609	435.163879
2020-11-10	444.166382	453.758362	439.600128
2020-11-11	449.679657	473.578857	449.524933
2020-11-12	462.959534	467.677826	452.072418
2020-11-13	461.005493	475.217255	457.298248
2020-11-14	474.626434	475.161438	452.986084
2020-11-15	460.149902	460.994080	440.254333
2020-11-16	447.558990	463.831024	445.501617
2020-11-17	464.406647	482.232208	460.776611
2020-11-18	480.346832	491.999908	465.830963
2020-11-19	479.481018	480.121735	465.704254
2020-11-20	471.631470	513.610352	471.631470
2020-11-21	509.744598	550.227417	504.237762
2020-11-22	549.486633	579.372498	514.517212
2020-11-23	558.059509	609.987610	551.265259
2020-11-24	608.522766	621.173401	593.835144
2020-11-25	603.902039	605.094177	559.671387
2020-11-26	570.514893	575.641479	485.497314
2020-11-27	519.108093	530.777161	497.242615
2020-11-28	517.597351	548.044861	508.125366
2020-11-29	538.264587	576.602417	531.987549
2020-11-30	575.757080	615.240540	571.537781
2020-12-01	615.070313	635.160583	571.753967
2020-12-02	587.261597	604.022461	578.741028
2020-12-03	598.459229	622.452698	588.346375
2020-12-04	616.722778	618.983154	569.283508
2020-12-05	569.347656	596.595459	563.106628
2020-12-06	596.568665	606.791931	584.411743
2020-12-07	601.797119	602.917908	585.428650
2020-12-08	591.900818	594.751587	552.469238
2020-12-09	554.792908	577.288391	532.998413
2020-12-10	573.504028	574.600159	549.784058
2020-12-11	559.679199	560.376709	537.811646
2020-12-12	545.578552	573.339417	545.245605
2020-12-13	568.609863	593.781250	564.565979
2020-12-14	589.782471	590.492981	577.118408
2020-12-15	586.021790	596.247742	580.628784
2020-12-16	589.378662	636.640320	582.039124
2020-12-17	636.154175	673.834229	628.749390
2020-12-18	642.916992	662.699097	632.356079
2020-12-19	654.624207	668.769592	646.616211
2020-12-20	659.185059	659.923706	625.014465
2020-12-21	638.315186	646.846558	600.836060
2020-12-22	609.420532	635.076599	589.552002
2020-12-23	634.824585	637.122803	560.364258
2020-12-24	584.135620	613.815186	568.596375
2020-12-25	611.554565	633.061401	605.424438
2020-12-26	626.498047	650.721436	617.402100
2020-12-27	635.887146	711.393555	628.334961
2020-12-28	683.205811	745.877747	683.205811
2020-12-29	730.358704	737.952881	692.149414
2020-12-30	731.472839	754.303223	720.988892
2020-12-31	751.626648	754.299438	726.511902
2021-01-01	737.708374	749.201843	719.792236
2021-01-02	730.402649	786.798462	718.109497
2021-01-03	774.511841	1006.565002	771.561646
2021-01-04	977.058838	1153.189209	912.305359
2021-01-05	1041.498779	1129.371460	986.811279
2021-01-06	1101.005005	1209.428589	1064.233398
2021-01-07	1208.078369	1282.579590	1167.443115
2021-01-08	1225.967896	1273.827515	1076.081543
2021-01-09	1223.740479	1303.871826	1182.270386
2021-01-10	1280.871094	1347.926147	1194.715576
2021-01-11	1261.622925	1261.622925	924.922607
2021-01-12	1088.526733	1149.240234	1012.764160
2021-01-13	1043.740967	1134.338501	994.549072
2021-01-14	1130.231201	1244.163086	1093.060791
2021-01-15	1221.877197	1250.505859	1090.721069
2021-01-16	1171.443115	1290.053589	1157.623779
2021-01-17	1233.453369	1265.644653	1174.388550
2021-01-18	1230.313232	1259.450073	1187.311035
2021-01-19	1257.434570	1432.300049	1254.522949
2021-01-20	1375.248413	1405.744141	1243.299927
2021-01-21	1382.684448	1382.684448	1098.476196
2021-01-22	1118.889038	1271.687622	1046.596558
2021-01-23	1235.267944	1272.151123	1200.893311
2021-01-24	1231.210571	1395.111328	1225.274048
2021-01-25	1390.639893	1467.784912	1304.973999
2021-01-26	1323.741699	1376.085083	1253.340332
2021-01-27	1358.333374	1368.074097	1215.311279
2021-01-28	1251.279785	1356.288696	1226.173950
2021-01-29	1369.086792	1428.981201	1292.240112
2021-01-30	1382.231934	1402.399780	1328.529053
2021-01-31	1376.823608	1378.916016	1288.501587
2021-02-01	1314.855225	1373.845825	1274.357788
2021-02-02	1369.505127	1542.990967	1362.771240
2021-02-03	1514.769653	1660.909546	1510.010254
2021-02-04	1661.170166	1689.186646	1561.853516
2021-02-05	1594.793335	1756.510986	1594.793335
2021-02-06	1717.797485	1738.314453	1649.068726
2021-02-07	1677.605713	1690.036621	1501.750244
2021-02-08	1613.642212	1770.590820	1571.579956
2021-02-09	1746.926147	1815.963623	1711.620605
2021-02-10	1768.039795	1826.696777	1686.542358
2021-02-11	1743.714233	1806.539063	1708.679199
2021-02-12	1783.489136	1861.356934	1744.168945
2021-02-13	1843.986816	1871.603516	1770.612061
2021-02-14	1814.372314	1848.154053	1789.914185
2021-02-15	1804.676758	1833.830566	1683.906616
2021-02-16	1778.945557	1824.518677	1729.641968
2021-02-17	1781.350098	1853.667603	1736.705811
2021-02-18	1848.206299	1949.903442	1848.206299
2021-02-19	1938.859863	1969.546997	1896.684448
2021-02-20	1959.902954	2036.286499	1830.531494
2021-02-21	1918.673096	1974.259644	1890.368164
2021-02-22	1935.557861	1936.453735	1580.626587
2021-02-23	1781.409058	1781.409058	1378.840942
2021-02-24	1571.476440	1710.983765	1511.018921
2021-02-25	1625.393921	1670.224121	1465.058960
2021-02-26	1478.653320	1559.028931	1407.979248
2021-02-27	1446.929443	1524.932373	1433.786987
2021-02-28	1459.860474	1468.391479	1300.472168
2021-03-01	1417.151123	1567.694580	1416.416138
2021-03-02	1564.063477	1597.610107	1461.325439
2021-03-03	1491.451172	1650.360596	1481.905762
2021-03-04	1574.623779	1622.953857	1511.103394
2021-03-05	1541.541748	1547.878174	1450.891357
2021-03-06	1532.372803	1669.106567	1519.141113
2021-03-07	1655.392456	1730.924194	1636.564453
2021-03-08	1724.229248	1835.192139	1670.942017
2021-03-09	1835.148071	1868.048828	1804.266357
2021-03-10	1868.489014	1873.803223	1766.490479
2021-03-11	1798.033936	1843.818848	1734.617065
2021-03-12	1826.546753	1839.497314	1728.980957
2021-03-13	1772.166382	1937.645508	1733.639893
2021-03-14	1923.863770	1930.779785	1845.119995
2021-03-15	1854.086670	1889.196655	1749.606323
2021-03-16	1792.413818	1817.060181	1720.053223
2021-03-17	1807.056152	1839.818970	1749.179932
2021-03-18	1823.158447	1848.646118	1705.716064
2021-03-19	1782.568726	1841.196045	1746.473389
2021-03-20	1817.522705	1874.708984	1811.728638
2021-03-21	1812.606567	1823.353027	1764.139282
2021-03-22	1788.362183	1811.968262	1674.299805
2021-03-23	1690.871826	1725.108765	1662.539917
2021-03-24	1678.002563	1740.428223	1570.787964
2021-03-25	1593.123291	1625.911499	1560.370483
2021-03-26	1595.210083	1702.922852	1594.736694
2021-03-27	1703.036133	1732.824341	1674.319336
2021-03-28	1716.405640	1728.584106	1672.660400
2021-03-29	1691.263184	1837.187988	1683.716553
2021-03-30	1819.466309	1860.974731	1793.922363
2021-03-31	1846.098267	1947.837769	1793.002197
2021-04-01	1919.157227	1989.055054	1912.178467
2021-04-02	1976.932739	2152.451904	1960.678711
2021-04-03	2142.895996	2144.962402	2028.422485
2021-04-04	2027.671265	2110.353516	2007.111816
2021-04-05	2093.260742	2140.985352	2032.387695
2021-04-06	2109.493164	2151.223389	2057.609131
2021-04-07	2117.728516	2133.187500	1945.442139
2021-04-08	1969.133179	2091.516357	1959.079468
2021-04-09	2088.772217	2102.873779	2055.163330
2021-04-10	2071.111572	2196.996338	2062.787598
2021-04-11	2136.156982	2165.191406	2119.865723
2021-04-12	2157.361816	2199.718750	2110.368896
2021-04-13	2139.364258	2318.423340	2138.559570
2021-04-14	2299.347900	2449.687500	2284.563721
2021-04-15	2436.034668	2544.267334	2409.924072
2021-04-16	2516.601807	2547.555664	2318.675049
2021-04-17	2429.980957	2497.385254	2333.682861
2021-04-18	2346.452393	2365.460449	2011.766846
2021-04-19	2238.032715	2276.776855	2086.688721
2021-04-20	2161.939453	2345.834961	2060.143799
2021-04-21	2331.160156	2467.200684	2238.366943
2021-04-22	2357.871094	2641.094971	2315.960205
2021-04-23	2401.256348	2439.537109	2117.039551
2021-04-24	2367.199219	2367.740967	2163.693115
2021-04-25	2214.413818	2354.086670	2172.515137
2021-04-26	2319.478027	2536.337402	2308.315186
2021-04-27	2534.031250	2676.392822	2485.375000
2021-04-28	2664.685547	2757.477295	2564.081543
2021-04-29	2748.649658	2797.972412	2672.106689
2021-04-30	2757.734131	2796.054932	2728.169922
2021-05-01	2772.838379	2951.440918	2755.908447
2021-05-02	2945.560059	2984.891846	2860.526123
2021-05-03	2951.175781	3450.037842	2951.175781
2021-05-04	3431.131592	3523.585938	3180.742676
2021-05-05	3240.554688	3541.462646	3213.101563
2021-05-06	3524.930908	3598.895996	3386.239990
2021-05-07	3490.105225	3573.290039	3370.261963
2021-05-08	3481.988037	3950.165039	3453.768555
2021-05-09	3911.463135	3981.259033	3743.989014
2021-05-10	3924.413330	4197.473145	3684.451660
2021-05-11	3948.271973	4178.208984	3783.889404
2021-05-12	4174.635742	4362.350586	3785.848633
2021-05-13	3828.918457	4032.563477	3549.407227
2021-05-14	3720.122314	4171.017090	3703.399902
2021-05-15	4075.951660	4129.185547	3638.122070
2021-05-16	3641.830811	3878.895996	3350.951660
2021-05-17	3581.343018	3587.765625	3129.008789
2021-05-18	3276.872314	3562.465088	3246.404053
2021-05-19	3382.657227	3437.935791	1952.460205
2021-05-20	2439.638672	2993.145264	2170.229004
2021-05-21	2772.341309	2938.205078	2113.347168
2021-05-22	2436.014648	2483.983154	2168.124268
2021-05-23	2298.367188	2384.411621	1737.468750
2021-05-24	2099.936035	2672.595703	2090.639648
2021-05-25	2649.033203	2750.534912	2394.355469
2021-05-26	2707.052734	2911.735596	2652.094482
2021-05-27	2888.752441	2888.752441	2642.607910
2021-05-28	2742.468994	2761.363281	2336.361328
2021-05-29	2414.067139	2566.938477	2208.490967
2021-05-30	2278.288818	2472.187744	2188.834473
2021-05-31	2387.198486	2715.854980	2279.505127
2021-06-01	2707.560547	2739.737549	2531.160645
2021-06-02	2634.456055	2801.392334	2555.401367
2021-06-03	2708.376221	2891.254883	2667.684326
2021-06-04	2857.165527	2857.165527	2562.637451
2021-06-05	2691.619385	2817.484863	2558.233643
2021-06-06	2629.748779	2743.441162	2616.162354
2021-06-07	2713.047363	2845.185059	2583.995117
2021-06-08	2594.602295	2620.846191	2315.546631
2021-06-09	2510.199219	2625.070557	2412.197754
2021-06-10	2611.142578	2619.957764	2435.401611
2021-06-11	2472.858887	2495.414795	2326.869629
2021-06-12	2354.752197	2447.227783	2265.758057
2021-06-13	2372.690186	2547.367920	2312.640137
2021-06-14	2508.770508	2606.432861	2469.388184
2021-06-15	2587.762695	2639.229248	2515.153076
2021-06-16	2544.864746	2554.628906	2354.350586
2021-06-17	2367.306396	2457.175537	2312.301514
2021-06-18	2374.586914	2377.195068	2147.308350
2021-06-19	2235.159180	2278.415039	2168.885010
2021-06-20	2171.337891	2275.382813	2049.962646
2021-06-21	2245.317871	2259.464111	1867.185425
2021-06-22	1886.667603	1993.159790	1707.600586
2021-06-23	1878.625000	2043.530396	1827.571533
2021-06-24	1968.957397	2032.339355	1887.432007
2021-06-25	1989.215820	2017.759521	1794.400391
2021-06-26	1810.884277	1850.179810	1719.559448
2021-06-27	1830.996948	1979.958130	1811.245850
2021-06-28	1981.386475	2139.805420	1963.615479
2021-06-29	2083.448730	2242.238770	2076.240234
2021-06-30	2164.216309	2282.989014	2090.760742
2021-07-01	2274.397461	2274.397461	2081.081055
2021-07-02	2109.892578	2155.596436	2021.824829
2021-07-03	2150.834961	2237.567139	2117.590088
2021-07-04	2226.550293	2384.286865	2190.837646
2021-07-05	2321.922852	2321.922852	2163.041504
2021-07-06	2197.919434	2346.294922	2197.919434
2021-07-07	2323.208496	2403.773438	2298.026855
2021-07-08	2317.949219	2324.006836	2089.414307
2021-07-09	2115.573975	2185.376221	2051.066650
2021-07-10	2146.999756	2190.124023	2081.923584
2021-07-11	2110.875732	2172.653320	2083.803711
2021-07-12	2140.506836	2167.710205	2011.018921
2021-07-13	2034.098389	2040.693604	1922.577881
2021-07-14	1941.167847	2015.107422	1869.223145
2021-07-15	1994.712036	2037.742554	1883.272217
2021-07-16	1916.598389	1959.696289	1853.590332
2021-07-17	1876.881348	1917.597900	1855.590820
2021-07-18	1900.194336	1988.336426	1883.012573
2021-07-19	1893.053589	1916.118042	1807.909912
2021-07-20	1819.082031	1836.998047	1722.050781
2021-07-21	1786.276245	2025.680420	1759.023315
2021-07-22	1994.822876	2044.116455	1954.297852
2021-07-23	2025.105713	2129.441162	2000.436279
2021-07-24	2123.961182	2197.649414	2107.323486
2021-07-25	2187.145508	2194.438232	2108.829834
2021-07-26	2191.309814	2428.817139	2177.329590
2021-07-27	2230.197021	2316.950195	2154.731201
2021-07-28	2302.081299	2341.777832	2250.914063
2021-07-29	2299.011963	2396.451904	2273.404785
2021-07-30	2382.545166	2469.704834	2322.337158
2021-07-31	2461.575684	2551.161133	2423.816162
2021-08-01	2530.462891	2695.429443	2520.931885
2021-08-02	2557.774658	2665.730957	2511.375244
2021-08-03	2609.413086	2630.314209	2449.353516
2021-08-04	2508.544922	2764.443604	2463.469482
2021-08-05	2725.669678	2840.430664	2540.684082
2021-08-06	2827.503418	2944.903320	2727.792725
2021-08-07	2891.707520	3170.229736	2868.535645
2021-08-08	3161.232666	3184.604004	2951.747314
2021-08-09	3012.885742	3185.701172	2900.926025
2021-08-10	3163.050049	3228.940674	3059.229004
2021-08-11	3142.830322	3269.209473	3122.916504
2021-08-12	3164.175781	3236.314697	2984.166992
2021-08-13	3049.001221	3324.671631	3037.676025
2021-08-14	3322.762695	3329.281006	3214.519775
2021-08-15	3266.276123	3320.084229	3117.791748
2021-08-16	3309.422119	3333.994873	3139.778564
2021-08-17	3149.380371	3288.812744	2996.468262
2021-08-18	3011.963623	3124.976074	2959.028320
2021-08-19	3019.126953	3184.435547	2963.150146
2021-08-20	3182.162598	3298.246582	3178.103760
2021-08-21	3286.931641	3307.351563	3209.866211
2021-08-22	3226.227295	3272.733154	3142.007080
2021-08-23	3241.357422	3373.384277	3235.851318
2021-08-24	3324.855469	3358.688232	3154.121338
2021-08-25	3174.269775	3248.727295	3086.114990
2021-08-26	3228.747314	3249.655273	3060.228760
2021-08-27	3096.406006	3281.840576	3064.485107
2021-08-28	3275.104492	3284.845947	3217.403564
2021-08-29	3246.770996	3283.235596	3158.840332
2021-08-30	3227.192627	3346.581055	3151.444580
2021-08-31	3227.758057	3466.992188	3195.216553
2021-09-01	3430.762451	3836.867432	3387.408447
2021-09-02	3825.027832	3830.711426	3726.750488
2021-09-03	3787.486572	4022.469238	3712.678223
2021-09-04	3937.910156	3969.448730	3837.931152
2021-09-05	3886.331055	3979.186523	3838.487305
2021-09-06	3951.520752	3968.426514	3868.994385
2021-09-07	3926.527588	3945.314209	3062.222412
2021-09-08	3428.378174	3559.121338	3224.764893
2021-09-09	3452.548340	3562.992676	3400.517090
2021-09-10	3425.564941	3512.571289	3157.059082
2021-09-11	3209.030518	3346.526367	3208.961914
2021-09-12	3270.291748	3462.468262	3235.109375
2021-09-13	3407.471924	3426.502197	3121.514160
2021-09-14	3286.316406	3429.169678	3273.630859
2021-09-15	3431.217285	3615.282715	3365.913086
2021-09-16	3613.073730	3673.310791	3489.805664
2021-09-17	3569.568115	3589.305176	3356.449951
2021-09-18	3397.422852	3540.807617	3371.892334
2021-09-19	3433.287842	3448.322021	3286.172363
2021-09-20	3329.670654	3343.325439	2940.839111
2021-09-21	2977.310547	3101.697510	2676.407471
2021-09-22	2763.209229	3089.083008	2741.440674
2021-09-23	3077.974365	3173.544678	3038.097900
2021-09-24	3154.562012	3159.644043	2747.337646
2021-09-25	2930.884766	2968.994629	2818.970459
2021-09-26	2926.343018	3114.857422	2744.583008
2021-09-27	3065.837891	3163.665039	2932.692871
2021-09-28	2928.963379	2970.770508	2793.360596
2021-09-29	2809.297607	2946.881348	2786.988281
2021-09-30	2852.558838	3046.519531	2840.289551
2021-10-01	3001.129395	3329.853516	2978.654297
2021-10-02	3308.870361	3464.837402	3260.027588
2021-10-03	3390.767578	3484.605713	3348.120117
2021-10-04	3418.776367	3434.775391	3283.448730
2021-10-05	3381.784424	3541.451660	3365.817627
2021-10-06	3516.570313	3622.551270	3354.469727
2021-10-07	3576.814453	3650.013184	3479.909180
2021-10-08	3587.832764	3667.957520	3547.828125
2021-10-09	3559.997803	3628.237305	3544.640381
2021-10-10	3575.020508	3603.244873	3414.970947
2021-10-11	3419.726807	3622.289551	3385.761719
2021-10-12	3546.477783	3546.477783	3407.338135
2021-10-13	3492.753662	3607.741699	3417.602051
2021-10-14	3604.958984	3819.258545	3590.275146
2021-10-15	3790.154297	3895.466309	3735.363525
2021-10-16	3865.666504	3962.453125	3805.885986
2021-10-17	3829.858887	3914.897949	3660.723389
2021-10-18	3847.729980	3888.209229	3686.750488
2021-10-19	3747.162842	3883.928711	3736.780273
2021-10-20	3877.730957	4167.472168	3833.288086
2021-10-21	4161.713379	4366.088379	4032.483887
2021-10-22	4055.686523	4162.975586	3908.340332
2021-10-23	3971.356445	4171.663574	3944.631836
2021-10-24	4171.855957	4185.729492	3967.120361
2021-10-25	4084.425781	4236.666992	4072.034668
2021-10-26	4217.337891	4289.131348	4106.823730
2021-10-27	4132.173340	4299.152832	3930.257324
2021-10-28	3924.815430	4293.150879	3905.706055
2021-10-29	4288.686523	4455.735352	4271.707520
2021-10-30	4414.243652	4426.848633	4252.494141
2021-10-31	4322.744141	4394.449707	4179.016113
2021-11-01	4288.217285	4377.322266	4160.966797
2021-11-02	4322.500977	4599.948242	4288.686523
2021-11-03	4589.684570	4664.910156	4462.976074
2021-11-04	4604.678711	4606.516113	4426.622559
2021-11-05	4537.423340	4570.895996	4447.487305
2021-11-06	4482.647949	4530.997070	4334.973633
2021-11-07	4523.981934	4640.921875	4510.984375
2021-11-08	4619.649414	4822.363281	4619.649414
2021-11-09	4810.071289	4837.589355	4718.039063
2021-11-10	4733.362793	4859.502930	4485.093262
2021-11-11	4635.453613	4778.059082	4580.990234
2021-11-12	4724.306641	4808.738770	4510.920410
2021-11-13	4666.719238	4702.115234	4582.180664
2021-11-14	4648.632813	4689.842773	4516.935547
2021-11-15	4627.090820	4764.636230	4546.599121
2021-11-16	4570.478027	4891.704590	4144.334961
2021-11-17	4213.910645	4300.306641	4107.125977
2021-11-18	4287.802246	4343.557129	3959.227783
2021-11-19	3995.729492	4311.713867	3982.917480
2021-11-20	4298.350586	4434.388184	4209.242676
2021-11-21	4412.195313	4422.491699	4255.455078
2021-11-22	4266.509277	4302.022949	4033.572266
2021-11-23	4089.680420	4385.483398	4069.766602
2021-11-24	4340.036133	4376.875977	4176.183594
2021-11-25	4271.394531	4550.518066	4249.774414
2021-11-26	4522.208984	4550.842285	3933.506592
2021-11-27	4042.999023	4187.684082	4033.513916
2021-11-28	4101.648926	4297.916504	3989.969971
2021-11-29	4296.946777	4460.848633	4284.504883
2021-11-30	4447.768066	4753.266113	4358.074219
2021-12-01	4623.679688	4780.732422	4530.272461
2021-12-02	4586.333008	4628.919922	4441.507813
2021-12-03	4514.355957	4647.289063	4100.145508
2021-12-04	4227.762207	4242.725586	3525.494141
2021-12-05	4119.628906	4246.923340	4040.217529
2021-12-06	4199.000000	4375.520508	3930.806641
2021-12-07	4358.586914	4428.589355	4264.323730
2021-12-08	4311.674316	4453.112305	4234.537598
2021-12-09	4433.024902	4482.313965	4078.844238
2021-12-10	4113.588379	4227.111816	3897.767578
2021-12-11	3909.667725	4095.648438	3846.054443
2021-12-12	4084.811279	4173.608887	3993.055908
2021-12-13	4136.359863	4145.955078	3680.609131
2021-12-14	3782.822754	3866.633789	3700.104736
2021-12-15	3862.251465	4086.372803	3664.719971
2021-12-16	4020.415039	4110.368652	3956.057129
2021-12-17	3959.012451	3992.792480	3711.424561
2021-12-18	3880.291504	3993.829834	3774.614990
2021-12-19	3960.872314	4018.658447	3894.398682
2021-12-20	3923.695801	3980.098633	3759.403320
2021-12-21	3938.463867	4058.821289	3918.837891
2021-12-22	4018.695801	4073.791504	3947.690186
2021-12-23	3981.961670	4149.026855	3897.234375
2021-12-24	4111.345215	4134.106445	4029.064453
2021-12-25	4049.781982	4138.564941	4027.927002
2021-12-26	4094.151611	4105.023926	4013.026367
2021-12-27	4064.746338	4126.001465	4033.492432
2021-12-28	4037.538086	4037.538086	3769.280029
2021-12-29	3797.436279	3827.981934	3612.795898
2021-12-30	3632.219727	3767.559814	3595.204834
2021-12-31	3713.430176	3807.288818	3636.869873
2022-01-01	3683.047119	3769.917969	3682.286621
2022-01-02	3769.298340	3836.161865	3727.357422
2022-01-03	3829.535645	3836.198730	3698.047607
2022-01-04	3761.361572	3876.785156	3723.349854
2022-01-05	3794.269043	3842.059814	3456.745361
2022-01-06	3549.708984	3549.708984	3335.376709
2022-01-07	3417.837891	3420.461914	3117.381348
2022-01-08	3193.502441	3240.304443	3020.880859
2022-01-09	3091.696289	3206.790771	3075.911377
2022-01-10	3157.570557	3177.213379	2947.683594
2022-01-11	3082.990967	3247.511963	3061.140625
2022-01-12	3238.449951	3401.219971	3216.718018
2022-01-13	3372.104980	3396.969727	3247.917480
2022-01-14	3248.648682	3330.766113	3203.823730
2022-01-15	3309.844238	3364.537842	3278.670898
2022-01-16	3330.387207	3376.401123	3291.563721
2022-01-17	3350.947266	3355.819336	3157.224121
2022-01-18	3212.287598	3236.016113	3096.123535
2022-01-19	3163.850342	3171.158447	3055.212402
2022-01-20	3095.271729	3265.336914	3000.908203
2022-01-21	3002.956787	3029.081055	2496.812988
2022-01-22	2561.145264	2615.247314	2330.247314
2022-01-23	2406.924316	2542.144775	2381.515137
2022-01-24	2535.891113	2537.208496	2172.301270
2022-01-25	2440.393555	2498.507080	2359.384766
2022-01-26	2455.579102	2705.784180	2417.683105
2022-01-27	2467.188477	2510.451660	2328.452148
2022-01-28	2421.646973	2548.778564	2367.833740
2022-01-29	2546.590576	2627.609375	2526.989746
2022-01-30	2598.564941	2631.408447	2550.460938
2022-01-31	2603.263428	2697.735352	2489.072266
2022-02-01	2687.898926	2802.315430	2682.621826
2022-02-02	2791.958984	2802.212158	2630.120361
2022-02-03	2682.226074	2712.482666	2587.783447
2022-02-04	2681.057617	2983.586914	2675.443848
2022-02-05	2984.446045	3054.130127	2966.781006
2022-02-06	3014.959717	3061.261230	2965.429932
2022-02-07	3057.422119	3182.528320	3002.927002
2022-02-08	3143.008545	3219.472656	3038.377930
2022-02-09	3121.182617	3263.155762	3063.160156
2022-02-10	3240.113037	3271.316162	3070.378174
2022-02-11	3077.413086	3127.450684	2888.707764
2022-02-12	2927.386475	2980.079346	2870.177002
2022-02-13	2916.789551	2947.776611	2845.397705
2022-02-14	2880.187744	2957.963623	2840.257568
2022-02-15	2933.729004	3185.520752	2917.857178
2022-02-16	3180.446777	3181.616943	3055.168213
2022-02-17	3126.858398	3154.615234	2861.852051
2022-02-18	2884.340576	2937.308594	2761.643311
2022-02-19	2784.872803	2826.347900	2707.378418
2022-02-20	2763.756592	2763.756592	2585.946289
2022-02-21	2627.665527	2752.458496	2568.254395
2022-02-22	2572.898682	2648.916748	2510.678711
2022-02-23	2639.447021	2741.368408	2587.412842
2022-02-24	2588.166260	2689.047607	2308.914795
2022-02-25	2598.436279	2821.972412	2579.208008
2022-02-26	2764.989502	2849.424072	2745.009033
2022-02-27	2780.504395	2831.125488	2581.615723
2022-02-28	2621.172119	2929.180420	2586.388184
2022-03-01	2919.775879	3029.651611	2868.938965
2022-03-02	2972.471924	3026.868164	2919.943115
2022-03-03	2950.156738	2964.673340	2797.319336
2022-03-04	2834.987305	2835.176270	2587.748291
2022-03-05	2618.473633	2679.102539	2596.989990
2022-03-06	2664.943604	2673.637207	2555.037354
2022-03-07	2555.297607	2639.943115	2455.593750
2022-03-08	2497.721436	2618.166016	2489.755127
2022-03-09	2577.165283	2761.796387	2573.655273
2022-03-10	2729.116455	2729.116455	2566.193115
2022-03-11	2608.271240	2664.558594	2534.688232
2022-03-12	2559.660645	2606.438721	2559.126953
2022-03-13	2573.488037	2594.549805	2503.885254
2022-03-14	2518.486328	2604.034424	2505.299316
2022-03-15	2590.668945	2662.329590	2515.765869
2022-03-16	2620.028564	2781.307129	2610.764404
2022-03-17	2771.964111	2826.160645	2751.560791
2022-03-18	2814.434570	2973.616211	2774.855713
2022-03-19	2944.721680	2979.987061	2910.802246
2022-03-20	2946.547607	2956.965576	2826.107422
2022-03-21	2860.103271	2954.556641	2838.250488
2022-03-22	2897.774170	3040.382813	2892.544434
2022-03-23	2973.145020	3036.752197	2933.306641
2022-03-24	3031.060791	3118.387695	3012.326660
2022-03-25	3108.448975	3183.958008	3087.490723
2022-03-26	3106.405273	3146.825439	3091.825439
2022-03-27	3143.795654	3291.577637	3129.997803
2022-03-28	3292.322510	3424.019287	3279.027100
2022-03-29	3335.021240	3470.186279	3335.021240
2022-03-30	3401.526123	3435.286133	3349.237061
2022-03-31	3385.289307	3435.128418	3272.934570
2022-04-01	3282.576172	3467.555908	3223.891357
2022-04-02	3449.788574	3521.284668	3442.000244
2022-04-03	3444.810547	3573.960205	3421.259766
2022-04-04	3522.364990	3535.148193	3422.000977
2022-04-05	3521.239746	3546.706787	3410.547607
2022-04-06	3411.672119	3411.672119	3171.205078
2022-04-07	3172.197266	3263.474609	3155.581055
2022-04-08	3233.272461	3301.607422	3179.142334
2022-04-09	3191.976074	3261.963135	3187.469238
2022-04-10	3261.291504	3303.003174	3211.866943
2022-04-11	3209.576904	3214.461914	2962.756592
2022-04-12	2981.420654	3077.452637	2957.872314
2022-04-13	3029.877930	3123.575439	3006.481689
2022-04-14	3117.821777	3139.928711	2988.435303
2022-04-15	3020.134521	3044.287354	3001.123291
2022-04-16	3041.123291	3074.886963	3016.421143
2022-04-17	3061.881836	3075.775879	2989.043945
2022-04-18	2993.483887	3062.520996	2893.912842
2022-04-19	3057.570313	3125.084229	3035.535156
2022-04-20	3103.935059	3157.885742	3045.288330
2022-04-21	3077.829346	3173.451416	2962.410400
2022-04-22	2986.938721	3024.854492	2942.358643
2022-04-23	2964.802246	2975.322754	2926.740234
2022-04-24	2937.347168	2961.882080	2922.128662
2022-04-25	2922.990234	3018.415527	2804.507080
2022-04-26	3008.946289	3026.415039	2786.253174
2022-04-27	2808.645996	2911.877441	2802.273438
2022-04-28	2888.849854	2973.135010	2861.821533
2022-04-29	2936.776611	2943.445801	2782.435303
2022-04-30	2815.533447	2836.827637	2727.406250
2022-05-01	2729.994141	2838.704346	2728.078857
2022-05-02	2827.614014	2874.145996	2785.522949
2022-05-03	2857.152344	2859.193359	2762.118652
2022-05-04	2783.131104	2956.686768	2779.273682
2022-05-05	2940.226563	2948.960693	2704.916260
2022-05-06	2748.931641	2754.837646	2645.335205
2022-05-07	2694.991943	2696.652832	2599.523438
2022-05-08	2636.121826	2638.830566	2498.430176
2022-05-09	2518.508301	2528.258057	2238.062744
2022-05-10	2242.650391	2450.760254	2206.756836
2022-05-11	2342.754150	2441.079346	2018.855591
2022-05-12	2072.504639	2170.458008	1748.303101
2022-05-13	1960.122559	2139.713379	1941.975952
2022-05-14	2014.280640	2063.429932	1956.572998
2022-05-15	2056.183105	2147.194336	2008.162720
2022-05-16	2145.836914	2145.836914	1988.811768
2022-05-17	2022.882324	2113.059814	2015.971558
2022-05-18	2090.459961	2102.326660	1916.656128
2022-05-19	1916.149536	2028.388184	1907.020508
2022-05-20	2018.000122	2054.795898	1926.676758
2022-05-21	1961.017944	1985.395996	1944.265137
2022-05-22	1974.670654	2047.191406	1966.038818
2022-05-23	2042.344727	2080.333496	1964.386597
2022-05-24	1972.390869	1991.535522	1920.688110
2022-05-25	1978.677002	2014.369507	1943.938599
2022-05-26	1945.033325	1962.171143	1759.199585
2022-05-27	1802.543823	1814.656494	1721.264771
2022-05-28	1724.635986	1757.941772	1724.635986
2022-05-29	1792.184448	1818.776611	1765.937378
2022-05-30	1811.885986	2005.210815	1804.456055
2022-05-31	1996.408081	2005.490967	1932.352051
2022-06-01	1942.050659	1965.166626	1776.053223
2022-06-02	1822.412109	1845.313965	1789.664185
2022-06-03	1834.135010	1840.058838	1746.509766
2022-06-04	1775.220825	1810.299683	1751.533325
2022-06-05	1801.818970	1825.859619	1777.133301
2022-06-06	1805.635986	1915.030518	1804.990234
2022-06-07	1859.333740	1862.914917	1729.413574
2022-06-08	1814.100708	1830.676025	1770.231201
2022-06-09	1793.512817	1827.293091	1779.867554
2022-06-10	1789.689941	1797.607788	1663.433960
2022-06-11	1665.217896	1679.314209	1507.038940
2022-06-12	1530.189697	1539.705078	1436.183960
2022-06-13	1443.835449	1448.738037	1181.948242
2022-06-14	1204.555298	1252.471802	1094.701904
2022-06-15	1211.365967	1236.627563	1025.684204
2022-06-16	1233.603516	1246.140625	1058.784546
2022-06-17	1067.987671	1112.471558	1060.867676
2022-06-18	1086.377930	1095.166870	896.109009
2022-06-19	993.400635	1142.340820	943.116333
2022-06-20	1127.656250	1159.985352	1066.113159
2022-06-21	1127.511841	1185.432495	1112.572632
2022-06-22	1125.372925	1126.261719	1049.763306
2022-06-23	1051.329346	1146.494263	1050.219604
2022-06-24	1143.204712	1238.616943	1134.514038
2022-06-25	1226.724731	1246.394287	1184.562012
2022-06-26	1242.987549	1272.131226	1199.406372
2022-06-27	1199.713135	1234.180786	1179.792480
2022-06-28	1193.254028	1229.739014	1141.159668
2022-06-29	1144.524414	1152.684814	1092.099121
2022-06-30	1099.353149	1103.690430	1009.094849
2022-07-01	1068.316772	1100.223877	1040.150757
2022-07-02	1060.121216	1073.052612	1033.962158
2022-07-03	1066.467407	1083.418945	1044.005615
2022-07-04	1073.794312	1152.943848	1048.396362
2022-07-05	1150.509766	1165.682739	1086.829956
2022-07-06	1134.822266	1193.636719	1116.247559
2022-07-07	1186.960938	1246.894897	1165.623169
2022-07-08	1237.580322	1262.885742	1200.632202
2022-07-09	1222.306885	1228.767944	1209.377563
2022-07-10	1216.904419	1216.904419	1157.175537
2022-07-11	1168.139038	1169.193848	1095.002808
2022-07-12	1097.259155	1097.259155	1038.135620
2022-07-13	1038.186646	1113.587158	1019.220337
2022-07-14	1113.515747	1202.953369	1077.405762
2022-07-15	1191.674805	1275.778198	1182.903198
2022-07-16	1232.791626	1377.944580	1195.605957
2022-07-17	1353.205078	1378.417480	1329.763306
2022-07-18	1338.806030	1578.717896	1338.806030
2022-07-19	1578.383911	1607.033081	1501.797485
2022-07-20	1542.954346	1612.645752	1500.803223
2022-07-21	1520.374512	1595.761963	1472.185425
2022-07-22	1576.745361	1641.209229	1523.641724
2022-07-23	1536.457397	1591.632568	1495.678101
2022-07-24	1549.222534	1654.428711	1548.671143
2022-07-25	1599.157227	1605.336914	1445.383423
2022-07-26	1445.151123	1445.151123	1362.951660
2022-07-27	1443.726807	1636.799438	1423.618896
2022-07-28	1636.231934	1774.576416	1604.890991
2022-07-29	1725.623901	1759.884033	1662.791138
2022-07-30	1727.061890	1738.016846	1678.108032
2022-07-31	1695.884766	1745.883179	1672.612793
2022-08-01	1681.445557	1700.170898	1613.416016
2022-08-02	1634.645874	1672.629761	1567.851074
2022-08-03	1633.051270	1678.098267	1595.634521
2022-08-04	1618.886719	1658.511597	1585.326538
2022-08-05	1607.523926	1732.254639	1606.497070
2022-08-06	1732.661133	1744.326416	1691.658081
2022-08-07	1691.777954	1724.789185	1672.908447
2022-08-08	1699.693481	1806.886475	1697.407959
2022-08-09	1776.071289	1786.122559	1675.849854
2022-08-10	1702.906494	1869.400635	1665.090454
2022-08-11	1851.828369	1927.939209	1851.828369
2022-08-12	1880.899170	1957.552979	1860.083496
2022-08-13	1957.333984	2013.755737	1948.595215
2022-08-14	1981.782471	2022.791504	1919.010132
2022-08-15	1936.760498	2007.210327	1881.856812
2022-08-16	1902.833130	1910.745361	1862.273438
2022-08-17	1877.934326	1951.675659	1823.532227
2022-08-18	1833.715576	1876.376953	1826.957764
2022-08-19	1847.095337	1847.095337	1611.338867
2022-08-20	1612.650635	1652.218750	1534.298828
2022-08-21	1576.543579	1640.936523	1569.046509
2022-08-22	1619.166870	1622.778809	1535.014771
2022-08-23	1622.939331	1666.676514	1569.428589
2022-08-24	1662.695435	1686.557739	1610.099243
2022-08-25	1657.336548	1718.183228	1656.856079
2022-08-26	1696.324585	1698.561035	1498.771240
2022-08-27	1508.156982	1517.150024	1454.282959
2022-08-28	1491.206787	1505.791992	1430.547363
2022-08-29	1430.439453	1556.309570	1427.728394
2022-08-30	1553.188965	1600.461182	1480.831787
2022-08-31	1524.286499	1612.358887	1524.286499
2022-09-01	1553.756348	1593.082764	1520.188354
2022-09-02	1586.017944	1643.183228	1551.877930
2022-09-03	1577.213745	1579.454346	1541.672119
2022-09-04	1556.895874	1578.009277	1543.698853
2022-09-05	1577.884033	1621.661377	1559.781860
2022-09-06	1617.240234	1680.595337	1561.748535
2022-09-07	1560.906738	1651.051147	1500.013672
2022-09-08	1629.805176	1655.064087	1603.063843
2022-09-09	1635.187744	1735.809814	1632.836548
2022-09-10	1718.961304	1784.497803	1710.296997
2022-09-11	1775.976074	1782.729858	1730.164795
2022-09-12	1762.084839	1778.163452	1698.293457
2022-09-13	1713.962524	1745.779053	1564.031860
2022-09-14	1574.858154	1642.157227	1564.031860
2022-09-15	1635.083008	1648.945679	1466.139404
2022-09-16	1471.928345	1480.564209	1415.581299
2022-09-17	1432.876465	1473.060425	1415.042358
2022-09-18	1469.705444	1469.705444	1331.494751
2022-09-19	1335.270752	1388.272217	1287.420898
2022-09-20	1377.619019	1381.965698	1319.201416
2022-09-21	1324.215576	1384.476929	1229.426758
2022-09-22	1251.567383	1336.157837	1240.968262
2022-09-23	1327.481201	1353.288330	1270.198364
2022-09-24	1328.244629	1346.255249	1312.640259
2022-09-25	1317.938477	1333.371338	1275.627686
2022-09-26	1294.386108	1335.526367	1282.049316
2022-09-27	1335.337036	1396.891479	1308.991455
2022-09-28	1329.541382	1351.964478	1267.869263
2022-09-29	1337.554443	1348.107666	1293.193359
2022-09-30	1335.646484	1368.743408	1320.383179
2022-10-01	1328.193726	1332.516479	1306.102539
2022-10-02	1311.753418	1316.330078	1275.336060
2022-10-03	1276.163452	1326.554443	1271.150879
2022-10-04	1323.278320	1364.970947	1320.076660
2022-10-05	1361.972900	1362.451782	1320.855103
2022-10-06	1352.806641	1380.404907	1349.449951
2022-10-07	1351.836426	1359.328125	1321.746094
2022-10-08	1332.371338	1335.954834	1307.072998
2022-10-09	1315.460205	1327.668823	1309.344604
2022-10-10	1322.618652	1335.662720	1291.337646
2022-10-11	1291.109619	1296.273926	1272.737671
2022-10-12	1279.732300	1303.075195	1277.527466
2022-10-13	1294.917358	1297.564209	1209.278198
2022-10-14	1288.048706	1339.744751	1285.378296
2022-10-15	1297.305908	1300.745972	1268.468506
2022-10-16	1275.005493	1312.634521	1275.005493
2022-10-17	1306.309570	1335.647827	1297.447266
2022-10-18	1331.669922	1339.085938	1291.660645
2022-10-19	1310.563110	1312.442383	1283.965332
2022-10-20	1285.660278	1307.855103	1275.323975
2022-10-21	1283.188110	1305.081299	1260.666748
2022-10-22	1299.902344	1317.101074	1295.946899
2022-10-23	1314.249512	1367.760742	1302.908813
2022-10-24	1363.491821	1368.425537	1327.854004
2022-10-25	1344.711304	1509.985474	1336.978882
2022-10-26	1461.133179	1584.636719	1460.428711
2022-10-27	1566.841431	1574.403442	1510.816772
2022-10-28	1514.323120	1568.633911	1493.871094
2022-10-29	1555.274658	1652.382202	1549.983643
2022-10-30	1619.697876	1637.037842	1579.485229
2022-10-31	1590.481323	1630.452881	1555.918945
2022-11-01	1572.645386	1606.605713	1568.098511
2022-11-02	1579.497925	1613.410645	1507.244751
2022-11-03	1519.724854	1556.759644	1517.101685
2022-11-04	1531.397583	1661.334717	1529.268433
2022-11-05	1645.156494	1660.486450	1625.964233
2022-11-06	1627.901123	1634.132446	1572.234741
2022-11-07	1572.016968	1604.475342	1550.415527
2022-11-08	1568.329590	1574.799805	1259.443115
2022-11-09	1333.122437	1335.743530	1083.285645
2022-11-10	1100.107178	1341.791138	1093.122559
2022-11-11	1298.882446	1302.295288	1211.329590
2022-11-12	1287.438354	1288.150879	1242.152222
2022-11-13	1255.441284	1271.712524	1208.520996
2022-11-14	1221.895508	1284.217651	1178.429077
2022-11-15	1241.677734	1283.198730	1238.688232
2022-11-16	1251.808838	1264.486328	1192.987793
2022-11-17	1215.848633	1224.965698	1189.152710
2022-11-18	1200.802124	1226.737427	1200.802124
2022-11-19	1212.215454	1227.837280	1200.475586
2022-11-20	1218.436279	1224.077759	1137.933228
2022-11-21	1142.395752	1142.395752	1084.857300
2022-11-22	1107.895996	1136.442627	1081.138184
2022-11-23	1135.421509	1184.997314	1130.022827
2022-11-24	1183.345093	1211.627441	1180.379761
2022-11-25	1203.799438	1203.799438	1174.823364