333
340
342
339
346
357
367
337
303
304
294
250
184
195
192
176
173
171
197
211
198
197
194
207
208
205
205
197
193
195
199
199
213
215
215
217
240
257
255
255
247
238
242
235
237
236
248
258
272
278
271
260
268
279
282
290
296
295
295
317
330
320
321
323
310
313
313
315
320
318
302
281
283
294
302
299
299
309
318
319
317
307
307
312
311
306
305
308
323
333
352
359
363
368
361
363
367
364
363
366
369
369
363
353
356
355
344
350
349
348
345
344
346
357
363
364
351
347
342
337
340
341
344
344
341
342
341
355
359
367
366
360
360
361
363
360
359
354
350
352
355
356
363
383
407
420
445
466
484
478
480
495
512
559
589
580
591
599
599
581
581
591
594
583
574
621
655
655
643
653
641
625
620
611
587
588
603
595
580
582
587
601
627
647
703
692
639
587
552
518
521
519
525
552
553
570
565
562
562
550
575
579
576
568
543
514
503
510
526
529
535
543
536
537
542
522
523
526
529
523
509
519
542
560
561
578
574
574
566
561
551
562
569
563
584
615
619
619
619
602
604
598
583
578
583
589
593
574
595
615
662
679
673
674
672
697
693
703
701
680
685
712
723
712
748
802
836
884
917
884
817
778
802
841
900
920
893
916
902
877
898
894
870
843
848
828
845
875
878
886
927
987
978
991
971
946
929
917
897
935
958
1025
1086
1083
1114
1117
1108
1145
1391
1609
1622
1741
1865
1811
1894
1944
1723
1655
1631
1790
1795
1868
1852
1852
2059
2026
1931
1794
1872
2007
2119
2002
1975
1969
2074
2066
2022
2010
2223
2415
2469
2553
2562
2440
2555
2670
2669
2660
2733
2756
2742
2674
2688
2721
2873
2917
2951
2919
2726
2470
2465
2402
2262
2240
2118
2275
2327
2390
2377
2272
2428
2548
2670
2770
2756
2710
2703
2803
2852
2763
2677
2713
2700
2714
2779
2705
2648
2556
2525
2405
2499
2569
2564
2678
2756
2843
2945
3132
3158
3113
3156
3179
3105
3070
3129
3227
3224
3254
3387
3591
3748
3706
3663
3370
3319
3375
3586
3798
3497
3448
3440
3690
3918
4039
4133
4160
4328
4414
4925
5113
5147
5291
5258
5676
5852
6039
6069
6254
5806
6022
5948
5553
5151
5185
4413
4078
3994
3567
3252
3717
3947
4237
4209
3929
3670
3566
3854
4004
4078
4224
4138
4096
4051
4136
3777
3831
3836
3658
3579
3703
3840
3896
3731
3613
3450
3362
3299
3192
2846
2956
2975
2914
2709
2884
3120
3280
3327
3314
3165
3295
3479
3402
3444
3552
3368
3210
3230
3213
3172
3001
2949
2978
2885
2844
2929
2819
2697
2904
3021
3129
3250
3248
3516
3393
3466
3532
3630
3762
3955
3920
3854
3995
4110
4307
4604
4659
4635
4757
4830
4728
4842
4936
4878
4902
4786
4603
4665
4887
4911
4843
4990
4935
4791
4779
4813
4892
4862
4921
5063
5529
5693
5878
5887
5898
5902
5476
5171
5262
5090
4950
5079
4986
5065
5297
5417
5267
5225
5091
4813
4439
4459
4692
4532
4377
4486
4629
4366
4339
4466
4818
5094
5158
5075
5223
5299
5389
5440
5400
5310
5314
5249
5315
5614
5762
5864
5744
5731
5751
6083
6382
6116
6143
6168
6272
6342
6264
6245
6590
6552
6483
6457
6743
6895
6819
6793
6697
6895
7131
7196
7101
7068
7063
6993
6947
7037
6963
6353
6322
6302
6538
6549
6318
6419
6464
6674
6516
6203
6291
6602
6932
7045
6848
6697
6004
6266
6340
6560
6570
6521
6175
6018
6169
5985
5716
5918
6088
5847
5880
5965
5859
6017
6046
6097
6148
6151
6111
6142
5921
5633
5564
5625
5610
5699
5685
5737
5570
5216
4978
4750
4743
4650
4777
5009
5019
4931
5003
5021
4933
4784
4698
4765
4277
3780
3732
3623
3677
3913
3674
3731
3890
3906
3941
4143
4117
4005
4320
4537
4543
4683
4738
4794
4806
4571
4415
4369
4377
4643
4708
4584
4317
4179
4055
4036
3903
4034
3843
4110
4221
4121
4222
4463
4485
4362
4128
3977
3950
3866
3862
4047
4012
3931
3885
3845
3856
3919
4086
4201
4360
4434
4369
4373
4486
4502
4624
4726
4691
4855
5063
5137
5109
5071
5078
5242
5283
5246
5251
4996
4840
4890
4854
4908
4695
4555
4626
4633
4544
4582
4569
4508
4642
4679
4654
4495
4438
4422
4420
4419
4312
4403
4334
4199
4202
4266
4240
4345
4300
4076
3995
3887
3647
3553
3450
3044
3109
3041
3151
3139
3120
3060
2981
3017
2957
3030
3062
2951
2985
2841
2674
2619
2700
2907
2971
2853
2739
2713
2685
2713
2817
2726
2715
2716
2628
2432
2257
2038
1799
1748
1775
1642
1543
1613
1692
1741
1650
1671
1805
1838
1871
1823
1799
1698
1607
1620
1589
1605
1676
1708
1751
1828
1862
1832
1794
1716
1616
1622
1740
1866
1974
2042
2247
2357
2362
2331
2402
2338
2428
2327
2126
2347
2576
2590
2577
2581
2506
2455
2475
2450
2535
2589
2560
2654
2623
2701
2852
2887
2987
2981
2947
2841
2862
2789
2652
2419
2424
2389
2450
2491
2546
2447
2244
2220
2269
2340
2374
2353
2418
2349
2349
2400
2460
2401
2456
2551
2639
2647
2627
2527
2424
2381
2187
2180
2134
2031
2040
1998
1956
1988
2002
1970
1976
2050
1984
1994
2028
1985
1953
1961
2024
2022
2054
2019
1988
1981
1980
1932
1941
1901
1981
1934
1949
1983
1984
1953
1944
1935
1964
2018
2031
2177
2314
2329
2314
2426
2426
2407
2390
2366
2314
2425
2472
2420
2379
2203
1876
1887
1907
1909
1875
1873
1902
1860
1818
1826
1827
1792
1684
1676
1749
1801
1790
